440.412 13.5141 80.3431 
401.587 18.7188 82.0177 
333.333 28.8902 148.186 
303.381 29.0944 221.053 
274.631 32.4687 317.259 
235.818 37.9882 332.871 
193.552 43.9393 321.856 
123.359 53.9553 307.191 
45.8219 65.5802 317.234 
-8.3262 74.145 319.837 
-95.079 82.4622 305.564 
-155.818 86.3832 281.49 
-220.746 86.9314 251.653 
-277.422 98.5704 213.632 
-312.641 109.768 174.956 
-336.216 114.362 135.37 
-351.002 114.846 76.8448 
-384.433 122.119 -21.2469 
-396.296 132.826 -85.315 
-376.466 137.65 -126.725 
-332.139 137.223 -158.594 
-288.861 137.735 -176.525 
-246.748 146.12 -164.304 
-214.797 161.506 -128.08 
-177.225 175.159 -101.459 
-138.602 179.094 -78.7162 
-109.334 182.836 -69.0345 
-61.5082 182.082 -68.9057 
-48.8693 182.699 -94.8117 
-33.4699 178.579 -127.743 
11.1357 175.653 -173.451 
27.917 175.653 -181.773 
58.1637 175.646 -161.698 
99.6989 175.653 -135.233 
136.26 175.653 -109.181 
174.819 178.209 -80.0181 
188.37 183.269 -48.4899 
203.722 183.269 -13.0549 
204.125 183.269 30.957 
