440.412 13.5141 80.3431 
401.587 18.7188 82.0177 
333.333 28.8902 148.186 
303.381 29.0944 221.053 
274.631 32.4687 317.259 
235.818 37.9882 332.871 
193.552 43.9393 321.856 
123.359 53.9553 307.191 
45.8219 65.5802 317.234 
-8.3262 74.145 319.837 
-95.079 82.4622 305.564 
-155.818 86.3832 281.49 
-220.746 86.9314 251.653 
-277.422 98.5704 213.632 
-312.641 109.768 174.956 
-336.216 114.362 135.37 
-351.002 114.846 76.8448 
-384.433 122.119 -21.2469 
-396.296 132.826 -85.315 
-376.466 137.65 -126.725 
-332.139 137.223 -158.594 
-288.861 137.735 -176.525 
-246.748 146.12 -164.304 
-214.797 161.506 -128.08 
-177.225 175.159 -101.459 
-138.602 179.094 -78.7162 
-109.334 182.836 -69.0345 
-61.5082 182.082 -68.9057 
-48.8693 182.699 -94.8117 
-33.4699 178.579 -127.743 
11.1357 175.653 -173.451 
27.917 175.653 -181.773 
58.1637 175.646 -161.698 
99.6989 175.653 -135.233 
136.26 175.653 -109.181 
174.819 178.209 -80.0181 
188.37 183.269 -48.4899 
203.722 183.269 -13.0549 
204.125 183.269 30.957 
408.427 17.2729 73.721 
354.309 41.5712 159.161 
277.554 59.5196 211.364 
207.81 39.0236 351.233 
106.038 69.9847 245.187 
283.583 150.66 124.91 
386.637 99.5574 -5.05948 
389.295 99.9794 -125.973 
441.485 49.0037 -73.2245 
310.533 163.011 -5.18822 
319.395 158.397 -140.923 
207.95 150.331 -130.249 
264.387 162.674 87.0112 
184.049 179.633 134.168 
178.236 183.733 43.7955 
43.0086 183.431 198.686 
67.6813 116.34 259.761 
37.6321 100.385 363.742 
-29.1388 77.361 331.191 
-157.091 86.6216 281.251 
-69.9836 173.187 212.383 
-145.164 173.466 156.903 
-252.341 92.1378 234.929 
-328.667 111.224 146.529 
-137.646 184.564 100 
-200.734 185.782 -12.0568 
-97.9844 181.899 -61.3445 
7.17379 198.745 -67.6321 
16.4072 175.653 -202.989 
108.272 158.315 -170.962 
163.92 135.137 -276.822 
272.445 141.494 -222.516 
65.1311 77.6666 -393.586 
52.1848 164.338 -303.761 
-71.1432 63.2022 -453.175 
-147.012 99.4011 -388.968 
-267.082 88.4554 -380.691 
-148.52 137.65 -254.235 
-322.05 56.8784 -414.003 
-353.259 56.581 -310.749 
-346.381 128.067 -244.885 
-423.159 56.581 -209.663 
-391.677 134.414 -136.921 
-257.223 153.267 -118.824 
-320.452 171.142 -34.789 
-119.234 147.932 -178.647 
-56.9772 149.936 -198.264 
-69.4807 208.885 4.66454 
-50.9677 133.363 -349.642 
-418.947 12.7475 28.3205 
-289.958 5.37597 282.998 
-444.555 10.7255 -120.465 
-176.684 15.2135 -510.296 
-7.3064 26.2188 -509.283 
203.161 31.5063 -380.748 
